-001 -001 -001 -001 -001 -001 -001 -001 -001 -001 -001 -001 -001 -001 -001 -001 -001 -001 -001
-001 0001 0002 0003 0004 0005 0006 0007 0008 -001 0010 0011 0012 0013 0014 0015 0016 0017 -001
-001 0101 -001 -001 0104 -001 -001 -001 0108 -001 0110 -001 -001 -001 0114 -001 -001 0117 -001
-001 0201 0202 0203 0204 0205 0206 0207 0208 0209 0210 0211 0212 0213 0214 0215 0216 0217 -001
-001 0301 -001 -001 0304 -001 0306 -001 -001 -001 -001 -001 0312 -001 0314 -001 -001 0317 -001
-001 0401 0402 0403 0404 -001 0406 0407 0408 -001 0410 0411 0412 -001 0414 0415 0416 0417 -001
-001 -001 -001 -001 0504 -001 -001 -001 0508 -001 0510 -001 -001 -001 0514 -001 -001 -001 -001
-001 -001 -001 -001 0604 -001 0606 0607 0608 0609 0610 0611 0612 -001 0614 -001 -001 -001 -001
-001 -001 -001 -001 0704 -001 0706 -001 -001 0709 -001 -001 0712 -001 0714 -001 -001 -001 -001
0800 0801 0802 0803 0804 0805 0806 -001 0808 0809 0810 -001 0812 0813 0814 0815 0816 0817 0818 
-001 -001 -001 -001 0904 -001 0906 -001 -001 -001 -001 -001 0912 -001 0914 -001 -001 -001 -001 
-001 -001 -001 -001 1004 -001 1006 1007 1008 1009 1010 1011 1012 -001 1014 -001 -001 -001 -001
-001 -001 -001 -001 1104 -001 1106 -001 -001 -001 -001 -001 1112 -001 1114 -001 -001 -001 -001 
-001 1201 1202 1203 1204 1205 1206 1207 1208 -001 1210 1211 1212 1213 1214 1215 1216 1217 -001
-001 1301 -001 -001 1304 -001 -001 -001 1308 -001 1310 -001 -001 -001 1314 -001 -001 1317 -001
-001 1401 1402 -001 1404 1405 1406 1407 1408 1409 1410 1411 1412 1413 1414 -001 1416 1417 -001
-001 -001 1502 -001 1504 -001 1506 -001 -001 -001 -001 -001 1512 -001 1514 -001 1516 -001 -001
-001 1601 1602 1603 1604 -001 1606 1607 1608 -001 1610 1611 1612 -001 1614 1615 1616 1617 -001
-001 1701 -001 -001 -001 -001 -001 -001 1708 -001 1710 -001 -001 -001 -001 -001 -001 1717 -001
-001 1701 1702 1703 1704 1705 1706 1707 1708 1709 1710 1711 1712 1713 1714 1715 1716 1717 -001
-001 -001 -001 -001 -001 -001 -001 -001 -001 -001 -001 -001 -001 -001 -001 -001 -001 -001 -001 
